0	0.260217120148031	0.255765765847271	0.25807087373648	0.444889362225884	0.428701342185833	0.456207692650523	0.435599746371993	0.430827175500366	0.453951083329419	0.445064579793026	0.41560465275668	0.429529914533559	0.407304057956761	0.408905080308158	0.392518891805733	0.428626506249967	0.395306256289785	0.42246743671841	0.411435594248676	0.433660320533423	0.411463661779952	0.409791181162237	0.41819496198626	0.381766801593389	0.354159568310458	0.363366454451982	0.391427504008747	0.351560740483652	0.400100439358375	0.396489896107742	0.368912745346218	0.358375763205947	0.378250778730396	0.355300143164349	0.384725245389847	0.364159134593104	0.457800930208641	0.381209449056288	0.369899957718705	0.371899826815373	0.385238660879898	0.332362045397152	0.353096385264933	0.394096338317989	0.373765384085091	0.360319157772504	0.337619937638594	0.358192734137726	0.322001254266279	0.368335839121943	0.330815481575451	0.324354937121523	0.332159912035889	0.345987255855238	0.297144365291957	0.344806359081794	0.318568351512301	0.358439642862363	0.339542131401283	0.331240482490904	0.33820144250417	0.341394841368969	0.291879266783804	0.326413605452307	0.369916741686535	0.337975547983983	0.305969389778022	0.323085269297374	0.339397580545976	0.340431801410984	0.3242490011845	0.33542329674062	0.326623493171851	0.3359495609676	0.344339124628911	0.295628013533581	0.331434166448586	0.40361656194487	0.438080192391987	0.375240011668715	0.401253604439991	0.404932063517807	0.403044829030979	0.401069400538924	0.398688297117484	0.397649782617922	0.411194172308899	0.401903906035456	0.421722732950493	0.415739774670316	0.410066713813276	0.389355975677753	0.406948910680495	0.408450200046235	0.405540542316081	0.404694347967704	0.40177981509061	0.411942852338055	0.402365620658785	0.430540415175428	0.420977929124614	0.401805024394357	0.419301207413383	0.422621814210636	0.392038637161712	0.401588577416055	0.370518089666437	0.377802537924806	0.446681787875818	0.337463956200757	0.420358528628883	0.418966165405782	0.430319289486446	0.405899001159831	0.454304684796677	0.403746126518114	0.437062116136473	0.434785853622069	0.435085696820647	0.453125176646969	0.439160889083118	0.443644852709996	0.452450061475554	0.454033279925767	0.417206391112721	0.432240283947207	0.390272682934448	0.407460415106591	0.451390199949363	0.410914874562819	0.424480090866665	0.441026025764812	0.43320031381525	0.393484595774167	0.433375061531228	0.423134606139476	0.409228514787681	0.404483172863019	0.438510150399713	0.422564133367479	0.405044386978554	0.44061634832199	0.439232194135686	0.438725347808732	0.428561800643821	0.422416518131535
0.260217120148031	0	0.216969195912668	0.204398439966658	0.519186037166842	0.500490113852159	0.530149282022572	0.506644818408973	0.493888389470774	0.53404048139703	0.512008052901558	0.488931332798874	0.493441396888165	0.484507963005341	0.47860434283073	0.470314901161038	0.50578101819492	0.471506639655901	0.495738516550594	0.489975265038794	0.50670415917585	0.498457022463904	0.504348623212663	0.487622305681586	0.471077854321366	0.438686839599899	0.451128924135786	0.470265050042791	0.433075005412899	0.484477714057047	0.463696051834585	0.448982677061421	0.446533367186035	0.46132423707814	0.437094602727087	0.463701189564464	0.457174248531784	0.546190109765884	0.460624415209085	0.442797559945594	0.453768490132362	0.469149587052955	0.427571312741323	0.436816614528942	0.476614037285237	0.475614098194718	0.44764016714574	0.436516519367942	0.44805071563655	0.416879523956486	0.445859180154067	0.414339773522921	0.41626522290334	0.406395825618987	0.397924368454198	0.367503113617635	0.426408992206576	0.387850815383405	0.4230289523168	0.397321277936435	0.399326200462833	0.418260492654336	0.407091673222978	0.360577550379262	0.399808079016302	0.433612967153399	0.405786738913578	0.37941530247483	0.386321835243145	0.400418585033547	0.409702453024609	0.404637182792451	0.400114849112311	0.394774548115408	0.421748427944569	0.409798233770372	0.369973278117438	0.387483119291742	0.483382019883269	0.519409092107847	0.452985233338337	0.489785788905138	0.490216511614538	0.480227526684546	0.468638302867406	0.473120389122352	0.479746966124966	0.489265272283951	0.48923831639102	0.49963385038799	0.486391524190182	0.486199492709992	0.468858867838998	0.488093179693693	0.479297055598151	0.474272182988474	0.483749341537074	0.463595733032127	0.482286758059119	0.488104634744474	0.508486825463247	0.492522656717476	0.474206867488841	0.493111050154726	0.492628327732159	0.467856252234839	0.483316830468691	0.444561888399994	0.444472810306076	0.525648198152503	0.413707734652331	0.494292837324286	0.492035339892128	0.507212793589321	0.475517348942354	0.528517272275456	0.468799264817777	0.503699248710959	0.509862835086972	0.51104649710397	0.525377358576814	0.511959972135525	0.519796721774019	0.539738953538311	0.527682865742943	0.495901254710466	0.502383706463203	0.470491348245817	0.483453580132708	0.525073778932865	0.484244154658334	0.502057635337554	0.515301446870335	0.505909260130897	0.463900327362214	0.494270674162641	0.491357714893283	0.47509555624399	0.479070258322753	0.519993275795583	0.487549487813621	0.479734595310446	0.518849876467192	0.509148092078159	0.511485807786884	0.496488810619654	0.501213263836767
0.255765765847271	0.216969195912668	0	0.257532804757294	0.479097667269477	0.469625505183111	0.49875244920045	0.472260217933879	0.463774203240264	0.492874744493173	0.478589337408318	0.455612190296573	0.461555628557829	0.451607842167833	0.446401886916079	0.443059896325281	0.468737327409088	0.432660658097322	0.461030644466858	0.466977466286548	0.482564153753258	0.455528356038223	0.468007706285022	0.461140980121917	0.423872022279744	0.396946754897068	0.400986765311345	0.430413896943222	0.40038959719705	0.441326183074137	0.431242701970518	0.409561303169681	0.399177349479555	0.432581518492605	0.396346336244971	0.430150238853122	0.407842112330515	0.497230799592803	0.41532363567251	0.398114942028871	0.40975206386268	0.426811908336157	0.382568440093764	0.396622407883095	0.441798792282703	0.424242150587253	0.402345084912323	0.390053412132034	0.416139546641976	0.383354731272916	0.397647711748351	0.36197985956703	0.384202789646337	0.376920960593054	0.365930700298155	0.343446162200389	0.409981021872929	0.371708523490135	0.401620365075537	0.365439847198849	0.377104389323694	0.401079353886101	0.375019363061983	0.326932184775729	0.372548557907089	0.416211945295453	0.38771286521584	0.344188741478914	0.376130440147807	0.362209753003193	0.377660882192019	0.380726301941605	0.355083783340393	0.377180262167188	0.369503054480919	0.382504511870622	0.344400347394615	0.357589689074994	0.445857102177631	0.479888442788757	0.420809536524025	0.447521911822812	0.459778353959237	0.445615483378537	0.439619072832411	0.442862623676061	0.444065676559373	0.461722296310689	0.446037847668018	0.466972993272759	0.449631124489119	0.451589480638493	0.442233640502299	0.454277068968773	0.446692167078493	0.440769639549235	0.449804967721615	0.43168064342126	0.449841491110117	0.449104416708732	0.474756045505862	0.460692028004425	0.445419745470536	0.469459375770148	0.465689407966299	0.437101585384469	0.441318474065309	0.407040881516584	0.421552399344909	0.48204062102716	0.371292992903003	0.461343932530554	0.457288489622308	0.463447671900343	0.442213269847568	0.488750553823409	0.440914821218162	0.467386956539661	0.469893794085171	0.475161461031485	0.494390285182596	0.471614354447699	0.482844587679201	0.495860603446736	0.490940900002367	0.45605697081519	0.472512354725057	0.427217464039387	0.442440305725001	0.490870024804067	0.448403543238732	0.46331375680642	0.479836552664891	0.467412384328375	0.432287512704348	0.461599513134207	0.453242713225739	0.443813441465289	0.440089966003042	0.476887628331935	0.451339044357833	0.445187040941241	0.481455695768646	0.477031430987223	0.474014785638506	0.470493633675457	0.464092621193676
0.25807087373648	0.204398439966658	0.257532804757294	0	0.50280635130205	0.484706371911331	0.503859524940412	0.487030314435538	0.475211757789206	0.503904288612346	0.491275533248493	0.473344648703662	0.479131421609671	0.459777831506963	0.472470429158398	0.440728662558008	0.481696070179921	0.449090794771772	0.470206958741134	0.473672620695491	0.488629590954215	0.469011326322819	0.480635919343118	0.462601194049164	0.446663902837705	0.41080018169839	0.410700599448226	0.435583707380506	0.395835009483892	0.455563726343757	0.437411496476407	0.422325275549306	0.410896893446254	0.427965204473439	0.397306143239931	0.433874247536166	0.418534305865282	0.514094370542469	0.426529269748232	0.426855127289379	0.416863272848261	0.437930877969463	0.400111422417508	0.42219728761269	0.438651199457671	0.424773827932123	0.424088402793757	0.400153666276273	0.422705283474981	0.390519038466831	0.422843168949177	0.401571743274492	0.39187203492146	0.375029857828471	0.396162145884585	0.354286280484862	0.420230924538451	0.363909922713652	0.405781948347639	0.381680152173816	0.383739205445418	0.407836847290714	0.384305555024403	0.336624914198439	0.379158713749422	0.410718078911882	0.373775772679844	0.367315179812923	0.384633363740642	0.39697648415319	0.385392095501434	0.385048009142284	0.385524166903506	0.375909725993095	0.404134892054416	0.392702967079098	0.346455627649737	0.375974767529671	0.458433578827775	0.489188216688014	0.428556813916259	0.458146439166421	0.478427974083745	0.455983292147913	0.448366897246032	0.443192213382956	0.463926829676207	0.460964670037194	0.458617212441042	0.466979242435982	0.477056062913554	0.463513476608821	0.439460933712428	0.454221107545218	0.468338692108864	0.452831234016681	0.460691657790488	0.437569330689026	0.452058741779553	0.458091701994298	0.480258219367272	0.473800507859625	0.453998954674561	0.460509035999103	0.460549434209017	0.439062990090959	0.464285982733227	0.422592162111602	0.433547776838746	0.495023622117857	0.38608557869915	0.46680706853789	0.469637501593601	0.482490968663537	0.451788559911155	0.496183226817376	0.44813078367909	0.487093410579091	0.485077444697312	0.485863245015021	0.503999473885966	0.487245989483399	0.497394574528675	0.514377591281683	0.50036598166524	0.478128184431712	0.480364715841679	0.436507275830868	0.456007300039307	0.491564995175954	0.458028883271645	0.474223263571989	0.491308265285435	0.483114498245909	0.443729111559802	0.475828233545873	0.474281345835514	0.456674051085685	0.452612406944596	0.489362125277662	0.464563879672538	0.462784755208077	0.496512399074092	0.482450323586735	0.487969895172742	0.477489409487513	0.477621145252893
0.444889362225884	0.519186037166842	0.479097667269477	0.50280635130205	0	0.321015700977779	0.305111897409236	0.30082703470248	0.280435847204212	0.320468946939377	0.293626103892251	0.337021417896534	0.309706069240045	0.341282628857609	0.313086870937989	0.368036895088982	0.330473671252737	0.36985037608766	0.385298779734542	0.344644338603785	0.352694240050067	0.403891026706934	0.386526676013149	0.382387602891707	0.466963358361336	0.453362557129732	0.470755479743721	0.489190987103544	0.450801347205914	0.502464210416757	0.495315196162083	0.456655227870985	0.463375986573767	0.465389013175468	0.45666575973676	0.474479312592961	0.447880417204168	0.530450758039572	0.483859959252552	0.478178562469069	0.483757845835767	0.475560074997971	0.477271208570104	0.463053775290087	0.493733477342972	0.471456779134765	0.468290205747488	0.476287332877051	0.458762508218021	0.443099086206018	0.486632031026388	0.467776618872638	0.412939104341916	0.447146177260819	0.472661545988037	0.43716745552896	0.459642733325	0.435039619111973	0.475088670397511	0.456501482553764	0.439979251353904	0.462151531732468	0.445864126639051	0.376798987266384	0.453740513429356	0.463713319890543	0.454333678412013	0.443369245000832	0.429035293109096	0.4468980940712	0.447021291088633	0.459885530445219	0.446437023781891	0.453248984941907	0.452427494617189	0.4387983523098	0.41409705981485	0.444038092461039	0.376140965539489	0.39884662546627	0.373868026912403	0.396589905981082	0.396304531020559	0.362279247597541	0.349059269220472	0.351834219747637	0.391521861878216	0.395965910023005	0.391448190244046	0.399248956594904	0.37161285445353	0.36627737846397	0.357853078004444	0.411480474111009	0.351818644263887	0.36039730303253	0.356382129457535	0.403268871161754	0.343814877986122	0.327979586121166	0.357523498464191	0.350978301794059	0.332851677418229	0.387462842368616	0.387590545691465	0.361546747104543	0.299539385272249	0.338533116955383	0.36249939096859	0.418421417441004	0.325027433331304	0.39704649586679	0.34726822020116	0.394595517595271	0.364766407603281	0.42318617292503	0.369987541600429	0.373511129159265	0.403581179052515	0.414225447139145	0.417463596736671	0.389778168429323	0.418943095134104	0.424923629499454	0.429920832603281	0.374604026305154	0.386832272013354	0.346138901757058	0.359691860825268	0.408373265788717	0.390097546863119	0.395221546517317	0.390780339046884	0.418856743462647	0.360443789769058	0.413411635835143	0.35693854066989	0.381150023606547	0.376853168157386	0.419106858988834	0.371694297900055	0.337980085986053	0.420071812831175	0.406425466677246	0.387330259042684	0.364866230704842	0.360147118815565
0.428701342185833	0.500490113852159	0.469625505183111	0.484706371911331	0.321015700977779	0	0.290744866272061	0.28757021336555	0.311476335112014	0.275016707774186	0.284011146186434	0.334700373583001	0.297779365035591	0.342465162428188	0.307340213443148	0.358949437698761	0.292790060756636	0.3502560749043	0.367806862461749	0.341389117836068	0.339461186604444	0.388513054144482	0.373663174827837	0.357431238358973	0.453098193220741	0.447360372671875	0.468968504533463	0.476547027643151	0.439264228034013	0.485561385155101	0.475744598472116	0.446928864983133	0.446330413153341	0.459179653475569	0.449054038046005	0.458945896804267	0.441396558300131	0.515360727392301	0.471071745294347	0.463055931023869	0.475981058087679	0.463099385428996	0.460840006884046	0.45001082840252	0.47593321660761	0.469676361984746	0.457495898051128	0.455728586614558	0.438302629076086	0.436639319174409	0.471875625792417	0.450078077811076	0.408118756618617	0.438336727713447	0.457933471160645	0.432892053665406	0.439140345349528	0.439097196048416	0.458630480970817	0.44629426429182	0.429347967141215	0.450684297501953	0.433889399114149	0.368881652259705	0.437574802580944	0.453190447527104	0.440537310795792	0.428349492397384	0.425539374953186	0.447369200329205	0.433751275826482	0.446605751474606	0.436684483742269	0.442119426336099	0.447574418593798	0.430856136185135	0.404912553386365	0.425736541325113	0.358976482392261	0.394354730691892	0.350999951293943	0.367576412430291	0.378464180831691	0.35960439793419	0.342583620410549	0.330397251413605	0.369536562637204	0.357582306335598	0.381504331985731	0.363194586543061	0.355291202414523	0.345243973551517	0.347514048890363	0.393479153190502	0.345376476313363	0.351178009189259	0.341308419331346	0.375171856779482	0.340800809491921	0.333370271441885	0.367622282678108	0.318300401454073	0.332563308439801	0.373203408172046	0.358065467299482	0.342095494189901	0.341393288305781	0.328630092168994	0.345516627765659	0.40874243114587	0.317344329481401	0.382060636062354	0.33942028422148	0.383273838475481	0.348753686339726	0.417885374444133	0.365897619889994	0.377013335472986	0.39484918431197	0.413783041810429	0.418804814348607	0.378993769151493	0.407876092469912	0.416714715880873	0.414608847954945	0.349648602283656	0.387800788595703	0.341816866976236	0.357860435013842	0.392445943546234	0.374497635431562	0.396875934315872	0.374622205107735	0.388086447773413	0.342512323533609	0.397597021380492	0.350185372346848	0.370676575831157	0.377554562470341	0.418343786968044	0.375311511664454	0.329390951047707	0.386848116460376	0.393836178668571	0.388558259003389	0.362848791468629	0.365345911847961
0.456207692650523	0.530149282022572	0.49875244920045	0.503859524940412	0.305111897409236	0.290744866272061	0	0.272786192121607	0.307182305892449	0.273804480170284	0.303708311741511	0.356906194201499	0.31646863812352	0.350649769050139	0.309609921156389	0.382297517267501	0.305138582246669	0.380109110101654	0.39952557116146	0.348511687117273	0.354974030122893	0.415626705565103	0.389485789927522	0.398748387082626	0.482853466191635	0.469389760474355	0.494419360186383	0.506590724141526	0.476617528524855	0.516037992353044	0.505724393946374	0.472290131298599	0.482573381448151	0.484719218249542	0.478636735488395	0.489412857890693	0.464834144248516	0.542006398590359	0.501238719870863	0.493019234983776	0.499445175633321	0.491057797808405	0.485047658351378	0.473100694799545	0.505207001359987	0.491821702216493	0.482882123443642	0.485601046441333	0.476069633735366	0.46174340253327	0.493933002702035	0.48676743280134	0.43509925743481	0.46105574243591	0.487206162555137	0.455931219008925	0.47369278056704	0.46492885743682	0.493023950630022	0.474609378286922	0.450315191263101	0.480577812962442	0.455726908675835	0.38875012038135	0.455346100304349	0.477805059272035	0.457943109540494	0.440284944757868	0.452929807682046	0.468268338483155	0.459706841996034	0.46534853027136	0.473314799182064	0.471867499624968	0.458891971120848	0.462175214438231	0.426421151895398	0.456183606815524	0.382766922762882	0.415637696698525	0.386249776827913	0.40345653015699	0.394806900496979	0.38800694379728	0.361673307511629	0.336261520904864	0.401466500579151	0.404462981358765	0.4018976118143	0.393770773681395	0.386942540284761	0.371187708979626	0.361448548358818	0.428129058231734	0.349465921417752	0.372168493592518	0.3611392240289	0.41977411550236	0.368589602250511	0.344006242575936	0.380739664558078	0.346655900949512	0.345350387581491	0.406190621738373	0.384042462073492	0.372251047127479	0.336410788234932	0.349276985182001	0.389390347189648	0.441033172186819	0.342638595418409	0.40000838688744	0.35026042867209	0.408977036922207	0.372462380245306	0.436463330835835	0.379935108852017	0.401800828970735	0.413497360666657	0.440767773379532	0.436168198513519	0.396457231632888	0.434573004866113	0.43137526128358	0.423264624264973	0.36779249964264	0.404083883175708	0.357756291328119	0.390061515258565	0.405249150905914	0.408245918398344	0.424711764014254	0.381107467702844	0.41824275006572	0.36882059146689	0.42251050610334	0.380229455991478	0.403098541728306	0.385801987440425	0.450869840859337	0.390240855852154	0.346820805430398	0.421143324631314	0.425582183047984	0.409005981676845	0.375649165691894	0.381222259689676
0.435599746371993	0.506644818408973	0.472260217933879	0.487030314435538	0.30082703470248	0.28757021336555	0.272786192121607	0	0.29105880202197	0.273979811148538	0.29856732377933	0.325816607321807	0.318992062715291	0.327283851761966	0.307489875440381	0.336817727485546	0.291692917839097	0.326720225963463	0.349420891372796	0.341820796957983	0.325637385005802	0.38041313151686	0.361866029609811	0.374644708958108	0.461773602086979	0.440227895277022	0.473756387837101	0.474874331205003	0.448136042944816	0.489279485277962	0.479293263892882	0.453130203133678	0.456781903612999	0.463713206043211	0.451921146855222	0.465591056890974	0.445792180983176	0.518060931840753	0.480177931117118	0.467801997901671	0.475240141540057	0.473212280469494	0.46736148639352	0.454166634577477	0.481067172787354	0.474209527407445	0.461649473320533	0.464996471319818	0.448426138728038	0.431225729207561	0.483285088497284	0.458009915534928	0.420648124209616	0.431621372815953	0.457229323164412	0.43525051609575	0.444369394441174	0.427108289214556	0.464679175923785	0.444886225440222	0.42317932815197	0.452560196418061	0.436360732278825	0.369005379962774	0.432814972996042	0.448943025006921	0.436578603335451	0.431301376917478	0.424360165217046	0.443351154072965	0.440339316881079	0.443054953842209	0.439843617077023	0.450657742733511	0.437192954624692	0.438503978785398	0.400245108051576	0.438483226390092	0.36899374351287	0.397740383593098	0.361250381983971	0.364221033741051	0.365674236637142	0.355738335560113	0.335849216703556	0.302490257666386	0.379322864518438	0.349088538357063	0.377466565355179	0.374945332599875	0.348891930503201	0.339189900841968	0.341622781694716	0.406753876121715	0.322896580703034	0.347087930942736	0.344044729596878	0.383089996153621	0.334588874276679	0.338955040171281	0.355867122190186	0.295179024171046	0.328663594625096	0.371127540661967	0.359872080099666	0.341110450018258	0.303394134414011	0.331630350352405	0.347133207174	0.430012067283696	0.319885610478729	0.384288554621277	0.338419059989421	0.384926969688886	0.349712150122639	0.412737986533642	0.359677528361913	0.367248289227458	0.398515543800369	0.414437889642052	0.418123402792777	0.393083879611599	0.402645290847371	0.396977912185886	0.409129734052129	0.354630329175227	0.371866814757634	0.349950038524644	0.372546499123737	0.393787985604101	0.381844869434519	0.400504215021998	0.386719143670923	0.391072177866359	0.346170739793722	0.398049934165882	0.343454946297245	0.381774015334977	0.375101851487185	0.421865026997027	0.37493371664773	0.333524363271965	0.396126813127053	0.414462167371827	0.391328393728443	0.358400228358699	0.340352102336431
0.430827175500366	0.493888389470774	0.463774203240264	0.475211757789206	0.280435847204212	0.311476335112014	0.307182305892449	0.29105880202197	0	0.313492093486922	0.280476966884347	0.240491268022951	0.30634081108655	0.336885484359258	0.320920386079565	0.353971790128433	0.304384245205766	0.355275997312424	0.375060851411971	0.352724887993259	0.332434183588595	0.389926484278946	0.377363199319706	0.369905220719261	0.454243719699167	0.440065241224412	0.449157223122161	0.475238702752814	0.438178727395945	0.482462859055374	0.478598460400091	0.44658683110206	0.442179786642184	0.457594457914707	0.433293347350427	0.459459227047618	0.44498339909348	0.521046124533504	0.458721769707952	0.454482384089872	0.467179258301456	0.458910437693901	0.457130823644746	0.451868969582901	0.47198762665241	0.456368676119097	0.448084468576997	0.452548256255484	0.439839474591196	0.426745055854203	0.459997767597715	0.460290672187978	0.40788650200949	0.420966203915789	0.449491399018035	0.422151565734011	0.441669324408172	0.426601410952305	0.458331832790632	0.437324789220934	0.416959026756482	0.439221759433707	0.423646725218703	0.355440958866724	0.443220904983358	0.443869416608619	0.426827001890021	0.423338720385473	0.411467951314973	0.442802399890637	0.431317629558465	0.443494208057519	0.435483180041899	0.438053263165114	0.433254059605479	0.433132426358134	0.397993697243345	0.427756886153071	0.377116553748729	0.403302568088907	0.368245288856657	0.378009354160551	0.378050125838572	0.358616262842889	0.336103859199024	0.346677655274858	0.38102726196457	0.371049513998353	0.376342909633025	0.376009329971021	0.367663197387395	0.351731821584145	0.348363090691245	0.411107705631649	0.344552971521188	0.359576641233708	0.342387687352614	0.397902134076869	0.344162902268576	0.331272402290588	0.365163238453457	0.342463685621438	0.326464977221658	0.385950197975826	0.379243082712173	0.356897787919502	0.311076279789617	0.324615304576066	0.356467285770024	0.422621486411064	0.320569256066148	0.38673766840579	0.344101971373929	0.385157164154359	0.348320257342867	0.426824035818254	0.360957058178482	0.380149284056628	0.403771353283016	0.407650158256592	0.408627326413819	0.388614263160869	0.411670622549433	0.401350781683425	0.40673308543669	0.371051907590475	0.383751943771934	0.343948669222587	0.3650167216734	0.394450218173617	0.386783810869128	0.390774540651688	0.388370287972824	0.406145134201833	0.337983361636212	0.394603495763662	0.350603154796189	0.382222759518948	0.376234299861558	0.424837647636394	0.377241165305325	0.33312654254075	0.40096871265149	0.405809799655389	0.388935749541063	0.362738039772458	0.365200497965884
0.453951083329419	0.53404048139703	0.492874744493173	0.503904288612346	0.320468946939377	0.275016707774186	0.273804480170284	0.273979811148538	0.313492093486922	0	0.308910637273148	0.345687160985094	0.32198944609195	0.346538003092368	0.303976216054321	0.35369002399168	0.30223997518744	0.36431364303951	0.40067013913349	0.355185469697285	0.358468586123243	0.401938988554502	0.407105650221192	0.379586321717955	0.484120089556849	0.468965532575669	0.491411125531119	0.502247745225725	0.464701712985564	0.507312822481461	0.497549238360419	0.471234440054031	0.472007115395892	0.484171094557517	0.470264138461483	0.486810616856197	0.466710069999198	0.548043221364336	0.484602633645314	0.49500527041806	0.494610371516547	0.486363804989825	0.483443236460846	0.47952258638479	0.502142720559787	0.492346889861191	0.481030378105371	0.477334421976619	0.470075099287168	0.459627741261411	0.493788392491477	0.475291982045813	0.436392055995745	0.452950989195184	0.483148406420219	0.453195940638076	0.466126799843609	0.45697331728487	0.490805773050132	0.467978009221127	0.446376618268261	0.472343410982407	0.457689657351018	0.391373767723448	0.464334787303667	0.471499470851875	0.454219715257019	0.449599157380695	0.436217478017523	0.458436357777132	0.456624452565194	0.470793881691153	0.460838217088737	0.475151260123536	0.469381254857931	0.452493316812941	0.425053433509837	0.450952052697385	0.381292446284131	0.423425474888483	0.386953094714548	0.410486640342381	0.40543296126855	0.369433448496836	0.369577629297605	0.335005054183231	0.403506997880562	0.375914632474477	0.421908950254036	0.380623641801547	0.393553976215156	0.373981995380192	0.357704312337997	0.424130795670497	0.357248204358238	0.363860327581812	0.353797795004008	0.411816101180304	0.371253212330888	0.339912394319092	0.381860445001559	0.318547375587602	0.351652399247786	0.396284685943586	0.391388820121013	0.382094624021775	0.338406533149327	0.356617414980953	0.387435744262272	0.418905171686946	0.331795711486313	0.396869178707137	0.355806345104143	0.396352108502436	0.358709539668473	0.420632818321963	0.375574156013485	0.405421861118193	0.402105560601612	0.422385237508596	0.440894968619022	0.384067013566682	0.410525404479525	0.430186219526951	0.430986160552105	0.368006920161527	0.413863195663082	0.347271496928044	0.384946781359912	0.400766065945347	0.394141090666495	0.41819748474049	0.38978601616566	0.405090869273112	0.362622687473087	0.422304097419531	0.364521508489256	0.393938364650732	0.379792074851774	0.432244530575768	0.391654461229168	0.335537489459069	0.418189782341086	0.427982452600447	0.402225114789807	0.369626929915531	0.366606901031123
0.445064579793026	0.512008052901558	0.478589337408318	0.491275533248493	0.293626103892251	0.284011146186434	0.303708311741511	0.29856732377933	0.280476966884347	0.308910637273148	0	0.323698559844217	0.31803878218335	0.339628842480406	0.283258322330049	0.351270109555577	0.303593183843538	0.343390445739973	0.375857453182392	0.304854207497282	0.322547571725332	0.378178028268141	0.390839745405703	0.358392633979351	0.469624285936124	0.449565397364692	0.474293638591273	0.501350334600307	0.452157283939702	0.505864798459436	0.487561490511988	0.45758901503274	0.459147005857513	0.471870626327567	0.46192599235172	0.465688812109779	0.450283900210809	0.528957092296037	0.480516011848381	0.473038574698012	0.477893547776884	0.471909740854966	0.471136286192476	0.460369663193363	0.494159159296165	0.476366955417487	0.462867184731111	0.466357705705743	0.456696384282954	0.44113860842817	0.481576904003253	0.460380459719552	0.417216638404032	0.431752252281331	0.462109682473066	0.432410640257411	0.457846699390385	0.440096243155202	0.473764037898559	0.451866017151224	0.435167101006514	0.456064827454488	0.43613747035907	0.372937097909699	0.448478257359353	0.471609563263773	0.432284190238405	0.424723395259601	0.4217226316599	0.452891019776995	0.447222588596569	0.453034242865033	0.440457837380436	0.44353309111669	0.449464423344323	0.442992420157233	0.408319174233874	0.438116951120592	0.380051970651762	0.413710549321148	0.368454759191021	0.375095926821859	0.374214761436303	0.370187316201932	0.361874027703194	0.344506084425229	0.391360976822701	0.367710484612769	0.385858161949533	0.380763638603724	0.365353774778368	0.355722075280571	0.35942317544978	0.402428935898759	0.339015815311433	0.354868874909474	0.357064733257091	0.395448970850545	0.341788338155351	0.332875073107451	0.368753137785389	0.337897998084413	0.342756838596098	0.365037758809945	0.367957217815237	0.353483976747657	0.331529776570037	0.340721598395516	0.356248256980581	0.421059214224312	0.323752861776392	0.377753829749216	0.342026220437034	0.389507672379234	0.342721074463068	0.423523764357479	0.353907039182257	0.371963920764509	0.383015723514201	0.40762133001763	0.403830510292324	0.37111820723012	0.407072871430145	0.395739233681075	0.39801682602924	0.360090289114824	0.371067993378681	0.339166641029527	0.359974116916106	0.377140182293305	0.385485534907873	0.390547859212053	0.379575930285894	0.388898085965336	0.335013529353861	0.385247981762563	0.344635867186627	0.359765325058167	0.366812897969836	0.426815277342372	0.374684171950558	0.335867885758235	0.394859611300624	0.392180993281643	0.385255408258164	0.367893155025848	0.347177420640088
0.41560465275668	0.488931332798874	0.455612190296573	0.473344648703662	0.337021417896534	0.334700373583001	0.356906194201499	0.325816607321807	0.240491268022951	0.345687160985094	0.323698559844217	0	0.343656389733456	0.34634078216635	0.316550856844854	0.343543073030736	0.320548857134404	0.337826873687027	0.365468668335645	0.366742835266459	0.341629303576067	0.370742909286448	0.368456914511388	0.33769929384148	0.436769983023512	0.423461142874296	0.433084769899755	0.469933275951826	0.426530537769153	0.467332352294696	0.467851533191009	0.4269805056056	0.42938553893244	0.436058837262159	0.422513078851595	0.444277390349177	0.42759275638422	0.504907461020832	0.445898992751086	0.435806018980572	0.448511630886208	0.450633301793634	0.441441518305788	0.435148362800593	0.461859273159315	0.443844497842546	0.433891977913784	0.439587105572524	0.424536908794962	0.414197868535999	0.455816695364605	0.426384691323663	0.392543463410697	0.408746313803889	0.442513047665978	0.419847388800982	0.428526436195839	0.418452864004363	0.443982343230952	0.421373273033323	0.40612885158044	0.437263843803483	0.411184288173568	0.346924012727547	0.427719848559228	0.432026718601413	0.414226663839978	0.408692502760724	0.397570228624853	0.407246501963745	0.407174491920274	0.421939034278675	0.41793509061589	0.427663019864026	0.430506594653444	0.420058784423814	0.387852084130864	0.409466202561582	0.361012886945617	0.400915165909732	0.35153914794186	0.358779554231296	0.363187806935515	0.351538876376149	0.325682904487932	0.352540144431407	0.37987121005873	0.360417641456913	0.371426303612883	0.363801752337743	0.353586300174801	0.34871424599848	0.35388591898174	0.382815452484707	0.360865912153232	0.350456713726023	0.349890788427238	0.374114815336174	0.320465786833784	0.348665038709647	0.364644454970448	0.356370655293616	0.340027889983434	0.368931981423414	0.363632836753596	0.340450247247266	0.322442732662765	0.331911881975087	0.354411865491233	0.40980580228507	0.314679886379183	0.386831270772398	0.348250077922331	0.377722844989475	0.351492363568971	0.417387633940047	0.356500833711405	0.382514301617591	0.391314802777929	0.400358055646612	0.405912674257124	0.391914408472397	0.409193255229075	0.394746358007126	0.41236977953677	0.360228051234739	0.393515997307042	0.336927491047868	0.354659416031953	0.395520680026862	0.380143871537581	0.38485013775109	0.395838773318957	0.397508678671476	0.346002726700963	0.39293829186016	0.360993455288097	0.382558895193403	0.373155955631398	0.415426579091592	0.376027616352326	0.34943565790367	0.399094160293719	0.4103819929006	0.39973218402911	0.369129470261594	0.364923843355192
0.429529914533559	0.493441396888165	0.461555628557829	0.479131421609671	0.309706069240045	0.297779365035591	0.31646863812352	0.318992062715291	0.30634081108655	0.32198944609195	0.31803878218335	0.343656389733456	0	0.304649380014059	0.326262968217263	0.363886433095857	0.314891031861119	0.370075754821917	0.374286771666014	0.351893240935699	0.344658106510313	0.398533074549149	0.346896501832644	0.382164398053127	0.44188068356559	0.42259653072278	0.444315516270675	0.455102865968858	0.428229949055891	0.471194918285947	0.456212622256865	0.440440984157546	0.441749104535332	0.45305293110812	0.435415267253842	0.455801505993428	0.429053164038453	0.500599347961743	0.450110910379877	0.451585683931319	0.466645238273776	0.450918857520494	0.445673224470165	0.438127750639953	0.466056087007652	0.453075358643762	0.440710827992161	0.44784132931244	0.441993648563192	0.421629057828308	0.457305206117394	0.444210215567901	0.39787212686139	0.425466657193829	0.436092465705489	0.426767470250156	0.428039400970991	0.43098267433794	0.448208747079216	0.432437849307378	0.431851940345124	0.438854519835046	0.426734380006534	0.35418473962703	0.426885989728097	0.447953125008698	0.424046414627229	0.413360185725127	0.411748823076872	0.436049897120098	0.422771104857329	0.432817513519737	0.422057090499888	0.429711142305842	0.441032215027834	0.422768563108664	0.388511595583293	0.426149420498169	0.370609463724266	0.405111502184394	0.363480161432474	0.361297124276598	0.376060288027859	0.375141388772135	0.350703292678726	0.34638561669511	0.369253301310621	0.371978443521157	0.384811096589395	0.376236694459551	0.36902220242708	0.356895761992868	0.341203271108403	0.40229699838525	0.33952161228318	0.353286401783383	0.36055198290009	0.396916473645366	0.35972548730866	0.328801991284969	0.368632131737926	0.340509294227376	0.352882266939092	0.388167863039206	0.371203664695601	0.369572679885955	0.33381388765633	0.334605579725049	0.349197641951827	0.402957419551314	0.306964777198924	0.35657046417361	0.330257892008837	0.371246520497697	0.358086440225941	0.401580048415666	0.345840311872473	0.357563167268691	0.38991839562038	0.394998905863829	0.39531944835362	0.380890750388527	0.400388676042389	0.389840093776057	0.395093764414139	0.345944363473666	0.368465519619374	0.33625978881078	0.362674300105792	0.396290615980444	0.359578380978949	0.378575492513749	0.376870206593682	0.391020589116019	0.33452390758346	0.379912943518414	0.359237339805269	0.361519384103471	0.364570159793438	0.397308576036255	0.366739704838221	0.333416745277929	0.384146588357561	0.377802938273265	0.369607120826684	0.367423149605869	0.357180153857954
0.407304057956761	0.484507963005341	0.451607842167833	0.459777831506963	0.341282628857609	0.342465162428188	0.350649769050139	0.327283851761966	0.336885484359258	0.346538003092368	0.339628842480406	0.34634078216635	0.304649380014059	0	0.33629761018953	0.34637302167598	0.322377600220846	0.344587506134303	0.329504259478565	0.344691815609666	0.314709538385143	0.361760888040369	0.351107498856142	0.353421045078177	0.445169312529991	0.438050228378487	0.44506414878889	0.456530429636551	0.410867802198086	0.480408749631679	0.45917495548652	0.41946038231809	0.431349904194045	0.427782960254738	0.417405100991362	0.450280354807052	0.428224171567941	0.503507783104438	0.456220415928843	0.45779073851712	0.455109888530763	0.44563244846583	0.448590600556584	0.432384710979699	0.473042381431219	0.456529615716031	0.445595193221751	0.434378308160553	0.431031569247405	0.405821775200308	0.439363074122187	0.428558351227977	0.390855829577926	0.409790874470763	0.429365109390571	0.402050810573324	0.424196763488835	0.396492684317875	0.44656653267368	0.415340372146345	0.395607613498293	0.42745648559581	0.419814366890747	0.349660397714844	0.41531214937289	0.43435782726581	0.404665999733716	0.397565577925282	0.394148887587237	0.416719310150427	0.412425039004734	0.413034489322062	0.418792583586862	0.417169230025826	0.425751023776734	0.410015686832119	0.373944494019635	0.413867985497376	0.355595067121174	0.358364267960415	0.317275987017713	0.320136654699953	0.353245156889429	0.337613169406911	0.345637126465791	0.33627826357622	0.359069449747745	0.347645270358165	0.33789458085818	0.347649713308843	0.324560677816153	0.335224292617914	0.319976703759659	0.376482137144263	0.347349566282521	0.339403076096823	0.36293593401356	0.370638711388042	0.338562771516795	0.347483537774615	0.341219193153736	0.341837289577798	0.329405728521993	0.364905250712536	0.370957272400698	0.353060664175918	0.314004590564503	0.322452967381948	0.341016449224215	0.403411373460697	0.306949040758638	0.37313755924446	0.347317316110289	0.373010984942342	0.348029552391178	0.406627649693402	0.348636756878287	0.385831318352955	0.387970549043254	0.390036750687055	0.409821996705721	0.381956223334172	0.395162648665447	0.393137199599544	0.38043851582921	0.351268050547249	0.365062334689613	0.336313414418784	0.353027990853871	0.394902309064106	0.368769933554711	0.384577350571191	0.36767192759915	0.381517471151707	0.344085579405447	0.390531214278039	0.352180112542208	0.367060555876529	0.364008447448348	0.403114855529196	0.36573800271738	0.329740209787119	0.384144748162417	0.383689969320551	0.38200965525215	0.348247924095708	0.35645735462322
0.408905080308158	0.47860434283073	0.446401886916079	0.472470429158398	0.313086870937989	0.307340213443148	0.309609921156389	0.307489875440381	0.320920386079565	0.303976216054321	0.283258322330049	0.316550856844854	0.326262968217263	0.33629761018953	0	0.342717467622595	0.29944408418091	0.338295705476685	0.355828701016284	0.304264091407928	0.31243668800119	0.363945105577297	0.367192483278788	0.338774522026734	0.446369153358719	0.433440498467406	0.450505252539593	0.47278416740159	0.446008060193387	0.484647042834485	0.474128092047276	0.434581573331715	0.439883364096851	0.44315299915288	0.441961064716065	0.452778031795242	0.430164465805142	0.507360484099385	0.466914969962835	0.454316847796508	0.464195362993699	0.461094450334879	0.450679124683	0.443120845770526	0.480158735741643	0.467643298488072	0.445051162999169	0.452089767726265	0.433059901418409	0.424227043158406	0.470975832060211	0.440092617750713	0.400677824606649	0.415874836085055	0.443279719273094	0.410096348569235	0.436485209476914	0.42228771132166	0.452920546014327	0.439499711987857	0.411028146562363	0.442703828645668	0.416504938074326	0.348999499097654	0.426714945830364	0.452400800066966	0.41949506508093	0.402973040394961	0.399895349667832	0.424224276975992	0.423786732231638	0.431860663381828	0.430344687027163	0.437659004085778	0.431189124470935	0.426464339220741	0.388506898163931	0.424943059013109	0.355686521890423	0.385897163384412	0.352785644972166	0.378354705551252	0.369577022479324	0.33797449490186	0.350637226944576	0.326738820910731	0.381108786255868	0.353735417282689	0.366943091938074	0.347927419046429	0.360308306010573	0.33486077527198	0.343219631071721	0.376994729275247	0.335371541218333	0.33083433717146	0.354999920299516	0.36494194711219	0.321828876545524	0.328728087803667	0.362773398444446	0.329218874347373	0.329196420152168	0.373675227556002	0.354480134034445	0.336185390430039	0.321399562964538	0.331251612300821	0.346073295983687	0.406880483975946	0.309271613039728	0.371739834363484	0.322715963336172	0.370000362306973	0.330409967622083	0.399483627437325	0.339671747143309	0.360481589568433	0.377628458882301	0.397287540898169	0.39119319346343	0.367124253017509	0.397387658116745	0.38426979074052	0.389801551883664	0.33817850269088	0.376984347130894	0.33105513136718	0.347349144998644	0.387562561474895	0.355717781824784	0.377318554508914	0.352084040873721	0.385567662727093	0.329086929055215	0.380788429078463	0.336271224895648	0.357696185906915	0.35053263381293	0.40780286487957	0.365245831267014	0.305472930019751	0.380629894477566	0.400824477862657	0.37298591016898	0.335477939868944	0.34810307775191
